83;
85;
87;
67;
17;
35;
46;
7;
54;
48;
7;
85;
95;
58;
82;
61;
23;
20;
97;
62;
96;
26;
40;
56;
45;
38;
13;
25;
77;
2;
75;
39;
70;
80;
96;
28;
69;
65;
2;
59;
93;
13;
24;
5;
24;
60;
46;
21;
10;
48;
56;
17;
65;
48;
92;
31;
63;
84;
90;
4;
40;
56;
34;
51;
91;
64;
4;
36;
68;
28;
25;
46;
79;
18;
15;
60;
89;
72;
31;
32;
12;
22;
22;
52;
17;
15;
75;
31;
20;
39;
61;
66;
88;
46;
89;
19;
32;
75;
51;
85;
9;
74;
68;
73;
22;
26;
46;
71;
12;
71;
15;
26;
63;
29;
85;
13;
98;
26;
91;
12;
75;
14;
42;
80;
91;
96;
70;
22;
76;
50;
77;
68;
91;
51;
84;
47;
29;
97;
81;
54;
14;
29;
74;
33;
97;
57;
34;
42;
54;
83;
44;
30;
87;
23;
49;
13;
23;
32;
4;
41;
8;
27;
22;
79;
8;
11;
25;
73;
11;
95;
87;
30;
18;
23;
89;
85;
48;
93;
61;
83;
32;
84;
36;
42;
16;
76;
96;
35;
54;
78;
18;
59;
12;
43;
28;
11;
59;
3;
44;
58;
76;
83;
29;
15;
45;
27;
35;
13;
50;
24;
56;
79;
80;
29;
71;
2;
20;
88;
99;
13;
57;
58;
41;
55;
71;
36;
34;
58;
40;
77;
95;
8;
34;
21;
72;
29;
16;
15;
92;
48;
38;
37;
9;
74;
43;
19;
51;
68;
60;
69;
73;
18;
3;
98;
1;
12;
71;
42;
81;
13;
48;
82;
30;
29;
94;
73;
82;
91;
54;
64;
37;
21;
46;
20;
10;
12;
69;
52;
80;
95;
93;
32;
35;
16;
63;
23;
26;
9;
96;
99;
10;
69;
78;
69;
3;
26;
65;
1;
24;
18;
79;
46;
48;
63;
8;
61;
51;
35;
4;
29;
59;
40;
79;
90;
99;
77;
9;
57;
43;
28;
29;
44;
61;
22;
29;
87;
66;
7;
57;
67;
64;
30;
15;
38;
4;
5;
58;
45;
22;
90;
94;
50;
93;
57;
78;
55;
81;
69;
14;
26;
81;
51;
55;
15;
73;
63;
96;
85;
71;
76;
77;
34;
67;
45;
82;
14;
81;
78;
31;
61;
12;
17;
87;
14;
84;
5;
48;
39;
96;
61;
48;
53;
67;
57;
57;
48;
89;
87;
76;
15;
73;
41;
37;
63;
98;
81;
1;
49;
58;
14;
60;
97;
13;
61;
29;
21;
35;
38;
49;
54;
59;
22;
84;
64;
29;
29;
21;
82;
48;
87;
66;
25;
24;
6;
44;
17;
23;
58;
96;
17;
13;
42;
80;
38;
14;
66;
66;
72;
49;
12;
39;
13;
87;
19;
93;
84;
96;
47;
30;
53;
90;
56;
63;
65;
77;
79;
8;
59;
7;
93;
87;
94;
23;
95;
24;
73;
7;
74;
46;
65;
29;
85;
79;
28;
94;
22;
46;
37;
95;
92;
69;
99;
56;
89;
63;
86;
84;
65;
38;
51;
16;
5;
96;
54;
68;
3;
28;
89;
82;
29;
16;
0;
78;
11;
27;
12;
97;
99;
16;
48;
54;
46;
21;
57;
87;
79;
63;
36;
0;
70;
44;
54;
15;
13;
45;
73;
24;
97;
25;
73;
29;
76;
21;
78;
98;
46;
43;
76;
9;
18;
74;
42;
2;
89;
71;
64;
23;
18;
60;
67;
76;
0;
34;
32;
70;
36;
55;
24;
69;
9;
49;
13;
38;
58;
8;
99;
93;
48;
85;
33;
48;
48;
92;
44;
65;
2;
4;
58;
3;
2;
50;
27;
65;
62;
18;
46;
46;
91;
48;
83;
83;
69;
35;
95;
1;
17;
25;
61;
65;
71;
12;
95;
27;
58;
41;
78;
72;
67;
2;
76;
70;
23;
30;
66;
21;
61;
4;
60;
8;
98;
46;
24;
41;
9;
17;
8;
7;
98;
18;
65;
18;
73;
85;
75;
64;
17;
94;
70;
51;
65;
51;
55;
63;
75;
97;
35;
97;
4;
3;
34;
23;
75;
71;
22;
23;
60;
29;
38;
46;
45;
33;
11;
55;
8;
62;
85;
72;
92;
21;
44;
30;
76;
34;
33;
22;
52;
47;
83;
45;
96;
23;
32;
54;
40;
44;
53;
6;
52;
5;
73;
10;
0;
17;
98;
78;
33;
2;
37;
68;
52;
95;
25;
37;
82;
36;
47;
88;
47;
77;
59;
19;
43;
73;
16;
68;
13;
86;
91;
68;
17;
79;
0;
89;
7;
17;
26;
90;
5;
65;
43;
67;
66;
87;
38;
99;
63;
41;
33;
2;
53;
84;
14;
70;
52;
63;
48;
31;
11;
20;
10;
88;
85;
86;
6;
73;
11;
80;
95;
95;
78;
10;
16;
84;
3;
68;
7;
45;
2;
33;
31;
4;
65;
64;
98;
53;
29;
2;
90;
7;
53;
68;
86;
42;
89;
59;
78;
52;
54;
52;
5;
94;
10;
95;
68;
35;
30;
12;
58;
3;
78;
97;
76;
34;
75;
14;
59;
20;
80;
99;
5;
62;
58;
50;
93;
9;
58;
34;
5;
18;
80;
80;
56;
92;
56;
80;
12;
35;
18;
88;
15;
0;
73;
15;
6;
32;
78;
32;
49;
25;
10;
63;
56;
61;
45;
89;
6;
68;
24;
43;
73;
60;
33;
10;
47;
91;
72;
25;
59;
0;
33;
70;
3;
64;
68;
74;
58;
40;
66;
12;
17;
19;
27;
3;
3;
71;
31;
6;
0;
95;
18;
22;
69;
69;
55;
90;
79;
93;
15;
88;
23;
46;
45;
28;
47;
24;
44;
56;
70;
97;
34;
53;
12;
56;
35;
28;
10;
55;
36;
23;
50;
69;
71;
4;
82;
35;
92;
66;
50;
3;
40;
28;
14;
86;
22;
34;
71;
7;
82;
46;
80;
45;
75;
50;
85;
89;
41;
49;
40;
81;
78;
61;
30;
68;
14;
23;
97;
49;
86;
84;
62;
22;
4;
6;
47;
38;
33;
60;
1;
41;
63;
29;
23;
23;
82;
1;
85;
70;
51;
73;
53;
12;
75;
43;
16;
69;
79;
15;
3;
1;
80;
92;
13;
55;
62;
79;
32;
16;
46;
78;
61;
54;
69;
88;
38;
72;
50;
2;
62;
54;
71;
55;
8;
58;
93;
31;
71;
38;
74;
49;
73;
90;
42;
8;
10;
3;
57;
65;
89;
88;
65;
85;
1;
75;
22;
86;
96;
11;
15;
92;
55;
57;
86;
78;
63;
89;
58;
21;
84;
96 ;
55;
44;
35;
76;
28;
71;
56;
37;
77;
70;
88;
95;
74;
4;
41;
72;
90;
79;
75;
95;
12;
90;
64;
93;
74;
75;
79;
96;
73;
59;
53;
35;
0;
1;
60;
39;
55;
49;
87;
33;
79;
82;
7;
38;
71;
62;
53;
69;
15;
79;
89;
30;
1;
5;
87;
21;
50;
37;
0;
24;
39;
48;
33;
15;
21;
36;
17;
51;
48;
70;
84;
76;
1;
41;
41;
14;
6;
9;
41;
73;
60;
52;
56;
38;
55;
14;
54;
74;
3;
54;
71;
22;
55;
92;
80;
96;
30;
64;
74;
85;
33;
62;
29;
49;
81;
88;
84;
19;
28;
1;
12;
94;
87;
64;
95;
40;
50;
96;
96;
88;
19;
16;
33;
34;
22;
94;
52;
35;
40;
1;
0;
11;
32;
53;
2;
37;
55;
63;
28;
51;
88;
88;
72;
42;
58;
80;
25;
58;
61;
28;
45;
97;
85;
13;
32;
9;
37;
56;
3;
94;
63;
62;
64;
1;
72;
70;
84;
24;
61;
6;
67;
5;
35;
26;
28;
26;
36;
64;
65;
14;
61;
88;
31;
34;
90;
37;
10;
92;
3;
82;
90;
30;
12;
62;
34;
27;
78;
42;
56;
95;
36;
59;
95;
79;
19;
65;
85;
55;
83;
84;
32;
28;
27;
54;
85;
34;
19;
78;
11;
30;
18;
73;
68;
3;
98;
17;
78;
61;
73;
97;
0;
33;
17;
60;
5;
68;
90;
60;
49;
37;
62;
4;
45;
24;
33;
4;
39;
30;
61;
26;
79;
71;
82;
34;
95;
73;
35;
42;
65;
74;
83;
63;
96;
22;
42;
52;
91;
71;
98;
62;
27;
83;
34;
89;
24;
23;
54;
16;
23;
58;
3;
71;
57;
60;
96;
67;
25;
97;
33;
54;
64;
38;
33;
66;
26;
47;
48;
74;
47;
84;
92;
26;
24;
1;
62;
5;
86;
45;
64;
69;
69;
52;
32;
5;
89;
45;
58;
75;
15;
36;
6;
66;
44;
25;
47;
37;
71;
92;
72;
66;
66;
2;
22;
4;
46;
1;
8;
17;
50;
14;
38;
39;
7;
44;
36;
17;
18;
71;
68;
61;
21;
49;
66;
95;
72;
6;
50;
1;
11;
41;
52;
70;
41;
23;
38;
49;
1;
92;
35;
92;
34;
51;
52;
5;
69;
71;
1;
97;
88;
87;
28;
28;
0;
95;
26;
56;
17;
53;
68;
88;
28;
78;
24;
25;
67;
44;
90;
14;
92;
82;
5;
94;
58;
76;
79;
45;
86;
65;
16;
37;
42;
37;
35;
79;
6;
33;
96;
65;
49;
38;
24;
25;
2;
88;
27;
72;
36;
62;
28;
51;
27;
82;
80;
88;
39;
13;
95;
36;
89;
61;
67;
26;
24;
70;
90;
16;
97;
21;
91;
37;
35;
32;
44;
40;
16;
55;
98;
52;
42;
72;
1;
15;
12;
0;
22;
41;
97;
83;
75;
57;
8;
94;
41;
56;
78;
32;
94;
44;
28;
21;
22;
86;
44;
8;
52;
61;
49;
62;
73;
4;
79;
72;
59;
57;
53;
45;
94;
17;
49;
7;
93;
85;
76;
97;
26;
16;
47;
69;
45;
63;
55;
90;
1;
30;
44;
36;
73;
17;
83;
94;
90;
70;
40;
58;
53;
30;
56;
27;
59;
82;
15;
7;
24;
99;
22;
4;
10;
97;
74;
28;
43;
79;
35;
87;
41;
83;
5;
88;
33;
34;
99;
35;
87;
89;
20;
27;
31;
88;
26;
55;
77;
1;
13;
5;
43;
77;
78;
51;
79;
90;
4;
56;
89;
93;
22;
73;
54;
60;
94;
37;
55;
41;
79;
70;
1;
2;
11;
76;
44;
84;
71;
38;
12;
41;
61;
22;
25;
95;
76;
70;
22;
84;
79;
0;
82;
8;
75;
5;
52;
78;
80;
54;
65;
65;
2;
82;
68;
50;
6;
1;
42;
70;
95;
85;
27;
65;
78;
81;
45;
35;
45;
96;
24;
71;
44;
6;
22;
28;
48;
44;
48;
51;
33;
9;
88;
36;
50;
56;
27;
73;
1;
99;
74;
99;
5;
6;
82;
41;
82;
2;
76;
68;
18;
64;
74;
40;
41;
20;
8;
55;
97;
49;
54;
95;
19;
76;
48;
80;
5;
76;
15;
12;
87;
66;
90;
24;
8;
9;
41;
32;
93;
8;
95;
78;
25;
7;
58;
83;
15;
90;
41;
92;
79;
78;
82;
25;
9;
26;
70;
26;
47;
26;
68;
6;
59;
1;
40;
99;
9;
4;
66;
5;
29;
20;
76;
41;
97;
60;
65;
89;
9;
63;
20;
42;
50;
91;
44;
58;
70;
31;
78;
1;
57;
90;
25;
96;
11;
98;
73;
76;
13;
0;
20;
25;
7;
59;
94;
36;
66;
56;
81;
49;
66;
84;
46;
9;
65;
47;
54;
7;
71;
61;
99;
33;
17;
53;
22;
24;
35;
55;
40;
7;
28;
5;
63;
58;
48;
49;
23;
39;
62;
31;
94;
53;
31;
1;
17;
94;
82;
5;
22;
89;
81;
90;
56;
51;
7;
98;
98;
28;
25;
68;
91;
47;
60;
31;
60;
68;
69;
9;
39;
28;
16;
18;
91;
93;
45;
60;
34;
1;
55;
24;
63;
19;
67;
88;
74;
83;
8;
10;
88;
50;
75;
34;
74;
48;
14;
84;
72;
22;
88;
63;
16;
83;
60;
51;
59;
57;
55;
8;
96;
34;
40;
64;
86;
13;
0;
27;
78;
55;
2;
73;
31;
30;
79;
51;
40;
62;
96;
75;
61;
84;
26;
31;
29;
80;
24;
65;
86;
37;
1;
91;
4;
94;
95;
84;
6;
85;
46;
79;
93;
97;
70;
71;
64;
8;
30;
13;
40;
43;
12;
13;
90;
21;
99;
35;
52;
98;
40;
94;
59;
24;
29;
57;
57;
84;
75;
43;
35;
52;
76;
16;
44;
35;
92;
89;
23;
25;
21;
19;
21;
44;
69;
7;
21;
97;
27;
97;
62;
15;
39;
71;
65;
7;
82;
52;
55;
9;
36;
99;
84;
79;
88;
94;
63;
48;
51;
87;
86;
89;
78;
9;
15;
32;
58;
92;
74;
6;
58;
74;
92;
89;
97;
9;
22;
56;
20;
58;
67;
29;
69;
90;
3;
23;
59;
79;
3;
99;
51;
6;
59;
5;
24;
52;
6;
31;
51;
1;
46;
54;
68;
38;
70;
90;
54;
43;
86;
37;
98;
97;
33;
28;
75;
72;
17;
77;
22;
35;
23;
29;
7;
47;
45;
9;
5;
57;
7;
66;
70;
4;
89;
26;
12;
14;
47 ;
41;
65;
98;
37;
33;
64;
53;
42;
46;
19;
58;
90;
93;
85;
72;
84;
5;
39;
34;
18;
79;
51;
61;
7;
27;
60;
48;
5;
25;
45;
62;
33;
57;
97;
46;
1;
72;
99;
13;
29;
24;
92;
46;
73;
24;
52;
97;
49;
91;
65;
86;
54;
94;
95;
97;
91;
6;
65;
79;
92;
52;
23;
42;
43;
54;
21;
58;
3;
82;
84;
59;
33;
2;
89;
31;
15;
24;
31;
21;
81;
52;
3;
26;
28;
30;
67;
99;
48;
93;
27;
44;
52;
12;
3;
12;
87;
47;
4;
7;
66;
90;
1;
76;
90;
20;
3;
12;
67;
45;
26;
52;
41;
55;
73;
76;
13;
67;
99;
2;
65;
78;
91;
89;
82;
7;
41;
32;
78;
50;
15;
63;
17;
25;
30;
48;
38;
19;
27;
84;
77;
40;
45;
0;
92;
64;
92;
57;
86;
82;
20;
39;
29;
51;
0;
61;
84;
41;
92;
61;
29;
81;
22;
99;
80;
14;
52;
59;
14;
39;
56;
43;
96;
62;
93;
74;
96;
45;
79;
90;
20;
53;
63;
45;
27;
4;
97;
8;
58;
15;
13;
57;
52;
54;
94;
86;
80;
86;
48;
93;
56;
21;
83;
88;
73;
64;
76;
83;
16;
64;
54;
98;
91;
58;
58;
54;
47;
25;
27;
75;
2;
33;
60;
81;
59;
85;
0;
96;
41;
68;
0;
36;
1;
5;
0;
14;
59;
0;
1;
37;
13;
85;
33;
3;
73;
74;
37;
1;
76;
7;
32;
9;
16;
98;
89;
92;
63;
88;
8;
0;
88;
89;
89;
70;
86;
32;
3;
18;
2;
21;
72;
44;
51;
75;
37;
25;
41;
81;
30;
19;
2;
39;
56;
57;
2;
14;
55;
47;
75;
81;
87;
71;
46;
75;
94;
80;
49;
42;
85;
97;
54;
81;
98;
13;
91;
98;
83;
87;
71;
54;
69;
42;
11;
11;
42;
66;
57;
82;
16;
8;
9;
77;
5;
79;
40;
56;
99;
50;
26;
75;
38;
47;
64;
32;
82;
54;
96;
21;
89;
10;
36;
74;
84;
5;
91;
15;
35;
82;
83;
5;
26;
32;
75;
92;
30;
97;
95;
59;
83;
64;
56;
72;
57;
66;
80;
29;
33;
77;
28;
8;
76;
16;
12;
17;
8;
42;
29;
40;
78;
52;
78;
87;
43;
80;
88;
42;
32;
97;
36;
12;
28;
7;
74;
73;
34;
49;
55;
23;
55;
89;
49;
25;
61;
27;
73;
62;
69;
87;
13;
78;
15;
22;
44;
31;
22;
10;
58;
43;
79;
49;
86;
43;
14;
63;
20;
19;
65;
93;
36;
67;
54;
1;
22;
38;
62;
64;
94;
86;
1;
74;
29;
17;
88;
40;
79;
40;
18;
81;
99;
9;
39;
26;
72;
79;
24;
16;
29;
50;
42;
96;
75;
15;
37;
21;
8;
11;
98;
49;
51;
67;
33;
38;
66;
50;
42;
52;
83;
15;
89;
53;
23;
56;
82;
99;
18;
50;
37;
49;
40;
7;
58;
54;
20;
19;
10;
60;
71;
11;
89;
3;
17;
84;
97;
13;
10;
66;
19;
5;
56;
62;
91;
84;
41;
0;
75;
41;
49;
82;
35;
48;
90;
29;
8;
63;
21;
33;
79;
25;
73;
3;
51;
49;
68;
13;
25;
32;
49;
55;
65;
45;
99;
81;
78;
35;
66;
56;
87;
21;
89;
4;
99;
96;
15;
58;
85;
21;
29;
9;
49;
26;
75;
51;
5;
8;
79;
34;
46;
30;
70;
9;
21;
19;
10;
77;
8;
64;
11;
39;
86;
14;
63;
43;
10;
78;
53;
34;
82;
23;
94;
0;
28;
72;
41;
23;
68;
1;
23;
24;
92;
41;
60;
17;
32;
74;
90;
52;
37;
30;
88;
65;
42;
89;
96;
28;
49;
78;
42;
97;
93;
67;
64;
59;
20;
73;
32;
82;
59;
51;
77;
61;
94;
0;
7;
70;
42;
56;
38;
8;
20;
92;
9;
49;
23;
19;
14;
86;
35;
79;
19;
88;
12;
49;
90;
40;
33;
37;
11;
95;
96;
79;
14;
23;
84;
41;
98;
59;
93;
12;
54;
50;
13;
11;
86;
6;
97;
75;
40;
46;
36;
67;
21;
47;
32;
66;
21;
94;
71;
74;
40;
26;
99;
7;
10;
88;
92;
97;
21;
73;
30;
89;
38;
80;
73;
44;
33;
53;
33;
30;
0;
35;
46;
25;
86;
15;
46;
15;
8;
75;
42;
93;
81;
42;
85;
56;
40;
33;
49;
2;
62;
4;
95;
34;
90;
1;
56;
51;
60;
5;
99;
54;
18;
81;
8;
37;
50;
31;
49;
92;
0;
36;
51;
4;
97;
8;
74;
48;
78;
37;
86;
92;
8;
42;
33;
93;
10;
16;
17;
92;
80;
76;
65;
19;
19;
13;
3;
88;
51;
37;
33;
94;
47;
30;
4;
14;
50;
89;
83;
5;
99;
78;
34;
1;
48;
76;
88;
12;
97;
27;
14;
25;
6;
83;
98;
98;
29;
57;
13;
62;
27;
73;
93;
18;
99;
9;
7;
34;
3;
50;
32;
48;
78;
33;
26;
61;
69;
99;
1;
39;
51;
38;
1;
10;
50;
40;
67;
62;
71;
43;
18;
43;
14;
80;
21;
60;
5;
28;
67;
73;
17;
58;
38;
0;
89;
81;
90;
9;
57;
99;
18;
20;
72;
51;
34;
5;
25;
64;
40;
81;
70;
97;
0;
15;
50;
96;
12;
17;
16;
37;
89;
40;
54;
76;
21;
81;
8;
99;
59;
77;
1;
68;
82;
2;
60;
70;
71;
70;
42;
69;
87;
30;
52;
49;
39;
63;
72;
65;
59;
85;
81;
91;
79;
44;
79;
72;
99;
14;
0;
